,Round 1,Round 2,Round 3,Round 4,Round 5,Round 6,Round 7,Round 8,Round 9,Round 10
St. Louis PBR Tallboys,Giannis Antetokounmpo,Ben Simmons,Jamal Murray,Nikola Vucevic,Buddy Hield,Marvin Bagley III,Eric Bledsoe,Caris Levert,,
Kauai Leopards,Kawhi Leonard,Jimmy Butler,D'Angelo Russell,Kristaps Porziņģis,Ricky Rubio,Mfiondu Kabengele,Rodney Hood,Enes Kanter,,
Kennebunkport Kennedys,Anthony Davis,Paul George,Trae Young,Rudy Gay,De'Aaron Fox,Malcolm Brogdon,Jeremy Lamb,Tim Hardaway Jr.,,
Bikini Bottom Spongebobs,Karl-Anthony Towns,Russell Westbrook,Kyle Kuzma,Jaylen Brown,Ja Morant,Spencer Dinwiddie,Bojan Bogdanović,Mo Bamba,,
My House Tables,Joel Embiid,CJ McCollum,Jayson Tatum,Blake Griffin,Zach Lavine,Bam Adebayo,Allonzo Trier,Harrison Barnes,,
Bozeman Bozos,Luka Dončić,Victor Oladipo,Julius Randle,DeAndre Ayton,Collin Sexton,De'Andre Hunter,Otto Porter Jr.,Josh Richardson,,
Helena Ballin' Carters,Nikola Jokić,Devin Booker,Pascal Siakam,Mike Conley,Thaddeus Young,Jrue Holiday,Chris Paul,Davis Bertans,,
Quahog Megs,James Harden,John Collins,DeMar DeRozan,Jaren Jackson Jr.,Jarrett Allen,Jusuf Nurkić,Shai Gilgeous-Alexander,Gordon Hayward,,
Paris Frances,Steph Curry,Rudy Gobert,Myles Turner,Joe Harris,Aaron Gordon,D.J. Augustin,Lou Williams,Luke Kennard,,
Lincoln Lawyers,Damian Lillard,Andre Drummond,Tobias Harris,Danilo Gallinari,Javale McGee,Kevin Knox,Andrew Wiggins,Tyler Herro,,
Baltimore Pinchy Crabs (Sean),Kyrie Irving,Jonathan Isaac,Fred Van Vleet,Zion Williamson,Ed Davis,Willie Cauley-Stein,Al-Farouq Aminu,TJ Warren,Donovan Mitchell,Zach Collins
Pittsburgh Shirts (Hayes),Gary Harris,Clint Capela,Delon Wright,Bradley Beal,Montrezl Harrell,Mitchell Robinson,Al Horford,Kent Bazemore,De'Anthony Melton,Kemba Walker
Austin Ballin' Bats (Carl),DeAndre Jordan,Klay Thompson,Marcus Smart,Danny Green,Marcus Morris,Jalen Brunson,Kentavious Caldwell Pope,Lebron James,Cedi Osman,Khris Middleton